1.96
1.78
1.82
1.82
1.83
1.84
1.82
1.81
1.82
1.81
1.83
1.84
1.83
1.83
1.84
1.83
1.82
1.86
1.82
1.84
1.84
1.83
1.85
1.84
1.84
1.83
1.83
1.82
1.83
1.85
1.83
1.83
1.84
1.85
1.84
1.86
1.83
1.83
1.83
1.83
1.82
1.85
1.83
1.82
1.83
1.83
1.84
1.83
1.82
1.81
1.84
1.85
1.85
1.86
1.84
1.85
1.85
1.85
1.85
1.87
1.84
1.85
1.85
1.84
1.86
1.87
1.82
1.83
1.83
1.83
1.84
1.85
1.84
1.84
1.84
1.85
1.85
1.86
1.83
1.84
1.83
1.84
1.84
1.86
1.85
1.84
1.84
1.85
1.85
1.87
1.85
1.85
1.83
1.84
1.83
1.87
1.85
1.84
1.83
1.85
1.84
1.85
1.84
1.81
1.83
1.84
1.84
1.85
1.83
1.84
1.84
1.84
1.85
1.82
1.84
1.86
1.85
1.83
1.85
1.84
1.84
1.84
1.84
1.83
1.82
1.82
1.81
1.82
1.81
1.83
1.80
1.79
1.77
1.79
1.81
1.80
1.78
1.75
1.76
1.74
1.73
1.77
1.81
1.79
1.77
1.75
1.71
1.72
1.73
1.74
1.75
1.75
1.78
1.77
1.77
1.77
1.75
1.75
1.78
1.78
1.78
1.76
1.74
1.77
1.77
1.77
1.78
1.76
1.74
1.73
1.77
1.78
1.79
1.79
1.75
1.76
1.78
1.74
1.73
1.75
1.79
1.77
1.76
1.76
1.79
1.81
1.78
1.76
1.78
1.76
1.77
1.75
1.76
1.79
1.77
1.77
1.76
1.75
1.77
1.78
1.77
1.76
1.76
1.76
1.75
1.76
1.76
1.75
1.76
1.76
1.75
1.75
1.75
1.74
1.75
1.74
1.76
1.75
1.75
1.75
1.76
1.74
1.74
1.75
1.76
1.76
1.76
1.74
1.73
1.75
1.77
1.75
1.75
1.74
1.73
1.75
1.76
1.75
1.76
1.75
1.74
1.75
1.76
1.75
1.74
1.75
1.75
1.76
1.74
1.74
1.75
1.74
1.74
1.74
1.75
1.75
1.75
1.73
1.74
1.75
1.75
1.75
1.75
1.74
1.52